Test Accuracy: 97.16%

              precision    recall  f1-score   support

           0       1.00      0.90      0.95        31
           1       0.93      0.98      0.95       333
           2       0.96      0.95      0.96       338
           3       0.93      0.92      0.93       212
           4       0.96      0.96      0.96       297
           5       0.93      0.92      0.93       279
           6       1.00      0.97      0.98        63
           7       0.99      0.93      0.95       216
           8       0.96      0.97      0.96       212
           9       0.99      0.98      0.99       221
          10       0.98      0.99      0.98       302
          11       0.97      0.98      0.98       198
          12       1.00      1.00      1.00       315
          13       0.99      1.00      0.99       324
          14       0.99      1.00      1.00       117
          15       0.96      0.98      0.97        95
          16       1.00      1.00      1.00        63
          17       1.00      1.00      1.00       167
          18       0.97      0.99      0.98       180
          19       0.93      0.90      0.92        31
          20       0.93      0.96      0.95        54
          21       0.98      0.92      0.95        49
          22       0.97      1.00      0.98        58
          23       0.97      0.95      0.96        77
          24       0.98      1.00      0.99        40
          25       0.96      0.98      0.97       225
          26       1.00      0.94      0.97        90
          27       1.00      0.89      0.94        36
          28       0.97      0.95      0.96        81
          29       0.97      0.97      0.97        40
          30       0.97      0.97      0.97        67
          31       0.95      0.97      0.96       117
          32       0.90      1.00      0.95        36
          33       0.97      0.99      0.98       104
          34       1.00      1.00      1.00        63
          35       0.99      0.98      0.98       180
          36       0.98      1.00      0.99        58
          37       1.00      0.97      0.98        31
          38       1.00      1.00      1.00       311
          39       1.00      1.00      1.00        45
          40       0.96      1.00      0.98        54
          41       0.97      0.94      0.96        36
          42       1.00      0.97      0.99        36

    accuracy                           0.97      5882
   macro avg       0.97      0.97      0.97      5882
weighted avg       0.97      0.97      0.97      5882
